202
3832 10
87407 61208 17609 26449 2762 53771 95860 80438 16635 35265
626 10
46041 58421 18408 49881 85702 37101 94298 56379 60277 25467
8052 10
36360 83116 97062 59355 19030 3217 65195 74660 99866 81519
3842 10
12400 77934 74548 17500 78320 8859 56888 27533 59453 10751
7394 10
56217 81654 57011 45194 95832 98554 87449 18300 44619 15914
2437 10
25095 36578 74328 87201 39800 14546 75084 15676 57738 24530
4384 10
32519 15878 11648 94379 6157 11717 47841 35860 12157 26316
2509 10
99990 16645 63796 17423 72907 2006 42915 15991 44888 14228
6628 10
4392 26527 95111 92019 33668 61442 80033 90973 22221 33427
7098 11
33795 81733 18441 72707 89075 13858 7070 92652 70642 95965 90624
4462 10
62721 27168 90823 81924 44792 75102 21739 52688 75480 57863
6107 11
63158 23954 78660 7771 80204 75760 57147 40983 35692 57899 54788
4444 10
61294 47703 98850 75478 25569 22022 45225 49509 87811 32882
5795 11
85219 62796 15703 11335 89369 79444 64864 3375 57320 28082 84700
5983 10
63731 58448 10662 12029 50626 86527 43767 10734 88286 68601
1489 10
89091 40236 98757 6539 10960 68669 18780 96446 84676 16618
1286 10
47537 42370 69011 1507 50196 96233 7345 95531 42207 13734
5605 11
87745 98225 92018 68037 11310 69394 51132 15177 2959 42883 37006
3590 11
46642 39663 18689 7889 95018 917 13113 72446 57181 45937 51563
9379 10
35578 14603 81871 62583 87830 38219 19949 12990 37554 45402
7835 10
15442 77092 64473 16859 76123 9571 78364 72749 41831 1884
4403 10
21181 66823 27168 61037 36366 73935 82909 26202 69617 91242
1573 10
82601 73476 44788 60936 37730 54410 93175 24632 73636 95564
8236 10
29760 11569 71801 86977 68383 14396 6009 91595 52580 93640
1016 10
31468 96662 437 42278 4268 3811 98259 82435 38177 88210
8213 11
81148 69127 26849 29363 41244 23557 64817 11223 293 71608 36249
8316 10
16936 88459 35067 50564 15930 90133 71145 94677 57841 47223
3748 10
46316 69861 76963 28994 82369 92891 33625 86443 10363 20543
8378 12
82122 23823 20228 84298 58266 58463 61724 32958 34613 98544 11021 16590
767 12
30861 5121 40430 73805 33740 8863 30450 80862 90546 38823 33923 10948
9233 10
96202 15703 87526 25076 57882 73664 46174 70581 47720 39568
2240 10
94801 26416 18272 38090 18780 4273 82465 32689 59757 49021
7665 10
1046 88299 93412 10982 10488 12272 35285 40039 13592 70000
7456 10
24663 29892 32780 22606 77273 91990 98979 46250 92438 5913
6993 10
33515 53 52974 26720 81627 69164 93421 2980 48603 16950
813 11
3780 24136 18689 76537 40902 29194 87626 85509 1143 11997 32256
4684 10
63262 58392 85546 46343 75207 14547 57563 41616 25207 82189
3079 10
4345 63263 26527 32433 62528 90319 87578 75515 6397 843
6433 10
20039 96290 43014 95832 50867 5961 93327 5910 39715 10557
1271 10
58716 23550 37721 23113 91230 13665 73484 39846 35685 28773
292 10
40035 23671 87532 68442 7376 97706 90971 53449 33538 96318
6761 10
66461 53101 36413 51623 41537 45826 28765 66015 59530 28729
10 10
14256 12532 38822 77591 24649 25447 40578 42576 36199 2967
35 10
7718 45746 16035 34846 38402 52920 17816 14697 39949 23008
7928 10
31765 27903 22850 44740 34476 71044 14802 39961 69764 89039
2498 11
12727 43346 32625 30044 8341 12077 39865 28708 69814 54906 73749
4761 10
62949 51827 5762 52654 27402 24468 74803 6003 86021 74731
4710 10
6924 80858 34288 6909 79156 43311 67135 2898 85880 78330
2466 12
91345 47254 67175 76078 41722 2613 93459 88048 19116 35727 59639 13701
2871 11
62737 48391 38002 23544 57373 1471 44343 37772 65327 39360 86546
961 10
70043 82592 38257 9304 99590 34996 33658 40392 43419 38307
4943 10
87883 69710 63712 22344 25236 82716 43417 12584 38013 50755
8527 11
1885 23018 31812 97439 60051 76033 65955 9524 16151 94401 19148
8960 10
57042 54370 95139 9 90950 26710 87698 24661 9055 84994
2947 10
92941 8012 46635 19849 3651 98124 21906 38207 96459 32741
7866 12
7718 83344 45318 54524 79481 89434 86664 31592 37216 24343 42094 782
2811 13
15742 91846 63047 73039 80054 13946 82526 38990 58935 48868 95499 76070 33415
5582 10
22810 58726 76124 62665 40151 3960 99170 43071 19790 46074
7422 11
48469 17949 39109 83752 44116 38539 61478 91533 70949 10471 4558
5308 12
37083 64608 14001 71060 79372 31925 85725 54410 26162 96532 44135 82452
2931 10
33429 39349 13290 37072 43391 59672 48690 91223 63373 57801
925 10
67473 81081 10542 8095 54010 49873 54049 62837 81649 21489
2976 11
38303 92701 74210 69552 90825 96358 67248 78019 71809 57087 91557
433 10
1166 12265 54623 50022 14492 67389 67190 10289 77698 74877
3862 10
17058 44330 49033 71775 13943 68792 74736 92766 16396 15225
8927 10
54439 74755 33460 94812 25615 88313 10032 40811 68159 95160
9566 10
41865 3302 85657 60741 44518 76358 48216 65721 57624 52477
6959 10
17021 99623 10551 94854 15291 38982 80912 8805 69000 94465
6605 11
53396 82721 42447 50051 29446 51053 28095 26103 35757 75986 36971
3411 10
49314 68454 3928 70522 81640 7093 42555 36648 3314 41248
9573 11
50136 4039 69101 45598 23543 2480 45212 59834 79675 73438 44169
6463 10
34829 26437 6796 62019 35200 72385 69851 12917 73533 69117
4627 10
44423 24111 79127 38601 9367 24657 68943 43516 91070 56179
9639 11
99034 81300 39663 29352 93788 84409 51609 93275 44257 74876 80294
1434 10
30652 75062 61226 28963 46926 66369 88559 57828 67173 10192
6661 10
46249 67718 1820 62917 37975 86958 79387 17522 56416 37238
6109 10
30948 89884 39924 61318 12003 25854 93430 71786 1178 19931
4475 11
1459 35752 72109 17253 66240 62904 51366 15984 14592 99939 69168
6660 11
50595 62446 71964 77481 76945 15571 8197 48688 715 21371 503
266 10
38301 63796 56629 66318 75928 31348 71792 7361 9028 79088
3780 11
23965 87183 50908 99673 54514 72790 39895 25832 24280 10780 71
7713 10
76137 95984 29200 40319 87456 2676 21411 26360 12043 22803
1242 11
52979 25199 87838 40793 96317 53081 99230 5539 42657 28886 85545
5874 12
29896 89584 49442 68608 26282 45223 53553 38016 95237 77884 52348 20119
5509 10
71417 14426 4638 48132 73549 33125 57971 2168 1810 51834
1508 10
42613 84090 95112 91455 8568 96432 24102 19426 47208 19562
794 10
64596 9991 14396 19740 81411 94453 19564 26937 19230 74291
5885 10
17288 20184 60279 96452 49250 32249 11689 51579 28311 79516
8281 10
11149 37014 90123 5987 92288 55621 50357 99369 82420 76141
1819 11
14562 86779 73741 13090 90053 88993 7663 91420 58930 13396 62158
2019 12
65795 19719 62081 93659 58036 41804 45876 62269 52019 71834 57464 19712
8632 10
43668 14281 4011 15455 57931 84600 77491 80526 56100 12150
4136 10
23054 22388 91306 48710 78485 32516 10334 82538 98409 76153
2395 10
78730 22713 56459 37167 48699 29566 55498 32028 65485 84645
7875 10
27280 57116 31130 19248 9257 42940 94447 66772 27527 1899
8600 10
3751 17317 67247 84428 31755 88971 89375 13237 71301 27982
9876 10
753 85230 48488 71364 49465 22230 38918 54404 57244 82041
7025 11
52788 33186 98482 76817 81812 19506 18708 19809 5509 52644 10805
6473 10
61905 66212 30685 94134 30439 24494 38145 21482 712 51189
7487 10
21882 4991 81205 6180 17619 56872 8540 3233 13594 3486
344 10
57134 92172 57113 79348 55601 62853 59833 2071 48368 75426
8725 10
79366 52394 35704 49926 42803 36557 87907 50213 72158 54581
5897 11
76659 92526 46241 49761 57497 8182 5335 42466 79355 68134 73997
3265 10
48133 75728 71343 66478 37816 47961 9498 39092 65574 93217
6138 10
20091 50468 4393 41058 23434 84278 45167 33433 16377 10079
1589 10
58925 18483 61124 82106 30000 86999 51598 50456 87699 21865
2105 11
92679 13553 70517 55036 51655 91108 32927 55190 63984 46413 46999
2020 10
8142 3751 88764 48808 83717 57212 27424 27597 33626 37139
2367 10
56880 60097 65115 68771 62545 85684 96297 81942 2335 911
3863 11
12835 4454 81534 99944 66112 79396 62399 90887 16172 94439 63139
2544 10
33659 37345 61523 43933 49617 64936 68213 59519 58985 17663
7151 10
41231 56613 10556 21172 38851 86023 17264 75861 31687 61179
5355 10
39771 32073 89849 54332 81779 66369 6853 54827 20823 70343
3912 10
53430 79719 39242 9976 78654 83920 89278 9287 47014 75014
8194 10
41767 16185 36780 64145 14162 2214 43912 42087 17510 97350
7160 10
98047 47715 23802 77358 2966 34259 98560 10599 52041 22351
7168 11
3503 10114 27912 29546 16205 32745 8315 33760 36602 76146 35693
8135 12
91573 87098 75471 29967 48135 44690 37649 31082 93777 99499 67391 72541
3354 10
91215 82948 34427 41159 12463 684 94438 65762 35278 58495
7266 10
54967 65909 64717 80575 81596 95955 89992 71610 19785 66531
1861 11
99241 4304 58489 83577 16674 88773 41096 62512 56532 82072 36478
6316 13
93730 87684 78012 7698 49234 51290 35543 95115 66138 65562 45745 80217 92291
4330 11
52496 6287 87042 97836 80442 2290 60050 96206 72368 71274 96715
841 10
87310 51795 81413 87231 51738 31266 43844 28705 31571 66305
7006 12
34237 82721 13796 7183 49643 6361 90217 13948 87664 24486 15894 36510
7626 11
78800 84952 86833 31130 29804 88033 34652 10479 34782 91478 64978
2898 13
96321 40590 69486 8979 73496 31889 15175 26924 39434 18833 3733 27128 4151
6245 10
63563 71510 43794 56909 67258 65026 40401 75975 673 2211
135 11
54535 92939 29083 3207 60779 62166 30895 59512 35987 10386 5639
2721 10
51831 58561 34744 62891 6677 20963 76938 85313 91923 7218
1403 12
8000 40767 94238 42019 58077 74162 59518 80403 55951 10231 68456 60650
9188 10
24967 89639 62816 6180 68249 15639 97307 39482 34212 31659
1619 11
67940 8221 51729 64868 70913 11813 93113 66443 84316 18077 20145
7221 11
11374 45204 35359 76831 67444 52456 43834 99827 265 54877 20758
5764 10
43041 19393 56270 71775 23741 21846 49475 94656 40935 22455
8657 10
2549 31294 34330 47553 63005 4513 54973 68039 413 14330
5041 10
77644 89798 76255 6344 82098 76299 33533 95216 40694 44984
1398 10
103 62751 75665 19404 76576 99371 53546 71375 68616 71515
9989 11
60722 34117 59460 11994 19518 19744 41493 37255 25891 69340 40136
6908 10
73523 27705 63169 73471 62457 61145 22853 50819 10183 34065
1840 11
42465 31430 61037 96291 40971 77428 54509 67353 18197 63096 21464
9148 10
1148 35691 4641 17832 84829 83256 19653 30171 43265 46863
3671 11
2755 52258 68647 14442 72263 16371 36487 38832 85378 60017 52935
9198 10
70340 98340 63255 78078 68760 80334 56094 74088 59003 2800
5061 13
74507 93835 1253 58771 28379 68725 44377 30345 46841 62839 24465 30186 44936
9308 12
91396 56230 76024 56228 16272 88640 13737 3306 40543 91326 28271 90102
5321 10
29339 30320 72665 41430 98558 29741 57305 16748 47769 43115
8463 12
28102 6843 27624 12765 62583 85826 5600 81485 97791 98328 48924 28120
1792 11
82381 17425 36371 69090 47471 65547 38582 79919 58344 77864 36382
2624 11
56868 75803 82652 18658 43112 49035 29384 25284 24420 60927 20516
8264 11
9595 39083 46880 96851 14517 48675 73485 70759 36427 89474 5559
8402 10
88739 99734 54632 99951 55298 79383 89322 21096 77403 56229
9325 10
57864 59020 48925 71920 76288 83968 79824 27150 40380 64586
5588 12
23922 36425 59753 60557 53411 47083 14873 4681 98776 90730 12037 18561
2427 10
88118 90369 20810 93108 43798 69666 28599 20418 42610 2173
2547 10
7915 81240 43058 67038 53410 58155 62329 83237 36494 17057
5935 10
85177 18249 16035 4499 16468 74948 42760 304 6027 91765
8936 11
28832 41698 84606 40024 95187 83286 30265 43570 802 49380 96158
1757 10
83612 58879 67728 11575 3810 86288 48197 14381 86689 88265
8661 11
90733 69662 43177 53263 87073 90480 33526 97226 58123 75847 50550
2743 12
61905 27303 23235 31334 57184 21263 8141 36887 5936 89395 5732 26435
1649 10
51556 56437 80013 25266 23175 25245 76065 52036 60467 92600
3831 10
97043 32625 8482 45229 1385 96074 95758 37192 52117 45262
1637 11
59802 88737 96579 61946 48483 13540 16939 81321 72206 28650 58686
5358 11
48627 14281 47236 51824 94076 54763 88337 34864 24325 24363 55334
4285 10
17795 77460 22916 58477 47665 49035 50001 92353 92034 46482
6752 10
1898 39855 2912 30365 9358 75042 4730 10413 79713 79282
5918 11
62589 69940 20161 50371 33117 84977 6862 17453 74460 92538 94782
5099 10
59263 4252 96252 67432 73635 89562 47295 54441 56308 80317
1406 10
41090 18820 48761 50245 43125 90730 98931 74221 46065 18059
4763 11
3016 86028 96889 8860 6482 70603 28855 58146 89667 80990 83167
571 13
96106 89592 19435 20225 57458 10556 86139 78054 79996 34855 48390 16583 53022
5757 10
32976 85173 38249 57198 75406 87720 86566 93922 13486 98236
1423 11
97048 11345 15777 20777 78448 23812 69115 94907 6473 76883 54274
6902 11
97707 96365 71819 55892 43924 66272 2063 12745 89815 73429 87326
8126 12
98297 81766 23151 20364 55631 70235 30389 14739 7363 19784 45614 99425
9623 10
84691 79068 50646 26783 86850 61188 56917 3120 39991 64091
3114 10
25565 90738 19461 35377 2205 43492 9504 36065 56405 71798
6206 10
98297 71132 74701 62469 75841 59144 32894 37971 43959 69794
2727 10
66455 86027 85989 42984 80810 54193 77878 7405 57861 20809
905 11
17697 94250 49717 51349 41493 36370 27684 89978 66607 47661 33693
740 10
18399 81776 62447 67741 62087 1510 38908 51223 52472 58208
7470 11
14340 97382 99819 24953 58776 60595 89688 47689 25892 30834 84931
1849 10
72423 77871 87993 79646 94813 7500 58511 96216 99694 26122
9110 11
27498 84142 4345 34898 90052 93603 54757 67737 8444 78629 99103
8311 10
3780 736 23730 96031 11842 9299 90068 76001 42571 30623
996 11
28832 35095 13804 58851 52106 93589 63027 11497 14434 67176 76223
8042 10
77163 64608 83376 31059 36691 94734 58480 76007 80209 95799
8201 11
52339 97013 72486 29080 25094 84824 82777 29615 79656 1598 23553
4745 11
40292 70082 87975 56150 34557 52336 33293 83089 9909 87314 35646
3291 11
84159 44330 74390 99437 82864 85366 56477 56650 29336 98322 66322
4784 14
16501 35026 54047 70228 36121 76831 58761 88986 32891 85920 2787 43219 80003 1236
7943 12
71878 87883 312 48613 86278 29856 41555 73886 47444 47827 98499 3135
7865 10
52290 42790 90794 72684 69241 49160 27154 34105 7734 1917
1231 10
50913 95083 46637 62763 90934 93993 69045 84602 67879 24078
5114 12
83395 17830 11071 85069 21348 84008 64125 10816 39537 19101 71274 51753
7538 12
20825 64030 2250 81692 78021 93232 78324 26082 34644 95603 83432 83847
6561 11
73343 6598 61432 13709 89174 18075 50264 84143 41413 81097 62320
4014 10
62085 39304 18497 51144 36549 20704 45552 89780 96015 55607
5226 10
41608 76633 7428 4393 69939 75304 4140 81726 53523 52468
8315 10
23780 56307 13208 23531 31609 66616 12433 2373 35919 61835
8300 12
9754 15770 51039 10836 60051 31408 73038 92704 62377 41532 54196 33813
