37
953 190
16386 94979 51972 23556 78340 83975 38151 17159 24072 76296 27913 64010 57355 27148 97036 97806 37647 46865 63762 94227 36627 24597 71446 39962 32539 18717 20509 14621 76576 95522 87078 93990 31786 33325 90924 54829 53551 52783 47408 55601 94514 4147 59445 18487 44348 32316 41533 63293 68927 4414 23102 47935 67907 13634 39748 83780 97863 57927 61767 19783 73288 23114 50507 98126 78158 8016 19798 70486 76374 87899 62298 25435 42078 16222 39262 22368 35682 93795 15714 3939 66916 70758 75881 11370 51818 60267 19822 26736 10609 33393 96114 98933 36725 18549 64885 30327 42872 43896 47996 18302 63103 67713 3456 70529 42369 70272 74371 27523 26756 88708 43142 66694 88198 2441 53644 87950 68494 22417 13459 82581 94356 17045 69271 92569 99485 61085 78492 83871 21409 85413 2984 55977 20394 19888 9137 24500 43189 38839 18103 88761 8634 82362 79546 65213 55487 52672 83137 14529 66755 21445 5062 66247 81608 5579 20172 32717 47822 45774 32206 50895 2513 55507 64468 9174 42198 60887 84438 27866 12507 74716 10207 47330 82146 97253 21735 20969 16875 88554 73962 55789 28910 73458 89077 2036 38132 74231 6391 2295 67832 85242
298 366
83456 3073 81411 85507 1539 77319 16904 58376 66574 91153 3601 89109 21524 77845 35349 73239 7191 70680 49177 28699 51742 4127 34336 27683 30243 94754 33317 34343 23079 79914 73773 82989 9774 84014 41520 70704 84528 2609 70707 19509 38457 86072 41530 13884 26687 52801 83524 76356 94278 92747 28236 36944 83537 42577 76882 14931 27220 67668 46165 88148 58454 5723 20059 39007 5728 50273 90723 84578 33894 92774 73318 23656 29802 98927 63086 46704 76912 33394 39026 24181 7286 91767 36471 18551 1144 35453 73343 98432 93312 46724 99972 92295 61062 68743 77958 33419 63628 87697 86161 51346 89235 3223 32921 16538 63130 65179 27804 12958 37535 49312 63137 50851 35491 83109 12452 2214 45736 81064 31914 1194 48300 82095 64176 85681 93873 8883 73394 37556 11957 92347 5306 47290 26302 47294 9407 72897 62145 64707 19651 29892 73924 55497 64714 11466 85197 13519 62671 70864 90320 59095 99542 83672 80603 8923 57566 88288 58597 9445 94951 84713 33006 85742 7408 49393 98547 34546 42227 66290 78068 95481 26360 66810 83709 65277 86268 78080 9474 7938 87298 34051 10501 79111 11018 82701 7437 90892 16141 22798 61199 8463 96019 51476 65301 31001 10522 72987 21786 94490 25373 19233 46881 57126 26921 23338 47915 32557 82227 308 67893 90420 87865 87867 58171 87866 52028 7997 61757 7488 52546 50500 83268 53573 55109 17221 42310 48968 41800 86347 69967 82255 86350 91984 55121 66899 22867 83282 33619 45909 4437 67415 28504 47960 41306 60766 93535 50529 40293 1893 37733 9061 45414 50023 90985 23913 10091 62828 3949 85359 51566 46959 66929 67953 41842 70003 18292 71544 70010 53628 382 10624 94081 34689 16771 54148 41860 80263 33671 61321 24971 89996 94604 70542 36752 79250 2963 30612 96151 30614 70551 20889 99738 42396 70557 4511 42400 37282 75171 14756 64421 98727 64935 68520 94635 53674 15279 90030 16306 64947 78263 81339 82875 443 20412 90556 61886 45502 33726 27583 21955 34244 32198 75207 40392 25549 59853 6608 93648 13268 29141 83412 469 80340 98772 63448 84440 21978 13274 28124 3040 16352 24545 66533 98276 4581 18918 53222 98790 13802 93165 7150 29678 97775 30194 36339 75765 63988 79350 69113 19962 45050 81914 13822 14335 20479 60415 99838
264 177
24576 59904 43008 57856 80131 35844 17927 33543 73480 48393 63754 50699 55819 24076 93964 53518 76560 5906 46099 80402 44053 87062 80153 12312 91418 60957 90143 24606 88608 60451 70949 65574 55337 30249 21546 20524 25645 10289 63539 77365 37429 85812 85302 37943 75065 74040 66619 36923 15163 46139 68410 59454 74305 576 27713 73026 1603 36164 80708 20551 3400 96840 96331 25422 54353 1622 91735 82009 11611 91231 33886 5215 44384 2400 74083 50280 8296 4713 49258 70506 80234 85610 366 52081 54898 52338 74610 57972 35444 43639 58743 87673 49272 14457 81023 78206 81286 69257 33161 66952 19851 85647 27023 68238 33426 34708 5526 38550 46999 39321 76954 94621 84637 58526 74143 96414 92830 15520 31139 81318 60331 41643 5549 74670 46511 13745 17331 45237 52149 52918 24246 32438 73145 91833 83897 52664 49080 73915 59834 15802 2236 32956 23999 76994 24518 88017 74704 57810 46546 92888 61149 57054 14304 47841 37857 63457 10214 56550 59623 71654 86761 31465 61418 46314 36330 45802 45546 1007 32498 60146 93173 45303 30200 31482 75515 67581 50429
253 168
76545 59137 58626 92931 93698 66818 65029 62981 83463 24583 46856 34568 79880 15372 74252 50961 34580 2837 37398 15383 77593 7198 99359 18975 38432 94755 3110 29995 46379 84778 24364 30252 92211 32307 91447 25911 78393 15417 51001 65599 67649 24129 53060 60486 18246 66374 88140 57421 19022 59217 41555 27475 35670 39767 88662 52312 29016 99423 28513 44641 14689 92514 8548 44903 81257 71273 57962 82538 1134 63343 88177 62578 45939 22901 14199 2168 71035 13179 74365 82560 53377 64389 27270 62342 33927 70278 14986 12171 34443 55437 92814 8081 11667 80533 56212 13205 12694 59033 9627 71836 40352 74656 59555 91042 59812 48292 10405 69799 48809 77992 73384 25779 8629 75193 7096 1720 19898 3258 67515 2747 38075 41148 61374 27072 83909 97733 69828 17094 18631 33480 48329 43465 65226 3019 36811 84172 24783 72142 62927 49362 18643 4568 38361 28378 45277 62174 71393 20704 20449 69856 76259 39141 48102 97254 30952 90603 42987 87534 27376 76275 22259 4595 25334 77047 78070 58109 3581 23807
594 167
38400 18435 97028 57863 23560 17932 29197 22546 67346 54035 99093 22294 45335 24856 61977 66330 68634 47132 61469 21533 80930 82212 6181 12326 28198 28204 20268 20269 24110 95792 63283 9011 3123 56629 94007 77113 33848 28216 37433 82490 3133 5438 59966 76102 94022 15688 9032 18504 99914 78925 52301 25427 92244 35158 96855 45910 32342 13144 84312 86360 67930 1116 80476 76390 72299 43114 65898 66669 40558 42607 13423 96113 36465 23921 92275 11379 94069 12923 63867 98941 87421 72829 22653 9601 1667 97668 50310 34439 19848 24457 47755 26764 81293 1932 96655 25491 60819 80022 29339 17564 30108 33437 99743 35999 55712 30370 59042 82340 90023 12199 25255 61864 94633 67752 94120 93098 77741 81581 82351 19119 69038 1968 21682 99765 20404 37303 95675 32444 64700 72893 90045 72382 14783 16578 1475 77762 24262 98246 5067 59595 717 8910 60881 472 11482 93917 52188 21981 34525 11999 79587 92386 58851 19944 2793 97000 13035 7662 86513 16882 77811 23797 93177 56314 30973 8702 5887
475 326
92163 88066 22020 54277 92164 65543 95753 15881 92683 89612 57870 21008 17937 1553 79381 59413 63509 47129 27675 33823 26143 49700 549 10278 53294 28719 90670 11825 13874 17462 73270 7225 71224 75322 21564 55357 4160 73280 7746 11843 62025 75339 21070 30287 47183 46672 35409 91731 25170 34899 72788 54359 93785 87643 71782 66155 40042 58992 83568 9329 48755 18548 30837 1658 41594 51323 69757 44156 14465 59522 8323 65155 60035 61573 85639 53897 66187 64138 7307 35467 96909 89231 61071 56466 92819 39063 22684 81565 82588 27296 46754 51364 25256 27305 67755 41131 10923 51887 69294 53425 98483 75954 86194 49845 75956 10934 96438 87738 81597 76993 42688 8899 46788 16581 92870 82121 51912 41677 40659 27860 32469 21721 88285 93918 49891 99554 46820 52968 62184 26857 21739 9452 65775 89839 72945 39666 21234 89849 12025 50425 47866 62204 43261 92924 76031 67839 55551 68865 69377 56578 97026 22789 22278 87814 1291 99085 87309 15629 34575 2322 93459 61715 92951 86294 97048 99608 83739 72475 36635 85786 26395 6431 95006 50464 86305 50977 38691 24358 46376 68392 46381 40238 91439 61744 70960 77616 41269 56120 84793 77112 85304 6459 90941 11585 99136 95043 42819 27973 22344 18253 21325 49998 51023 23378 81748 78679 11097 2905 13148 57694 99679 15198 53598 7519 62815 54624 52577 59746 81763 74594 77157 94055 88422 89449 97131 4458 2412 12653 45422 58734 34670 75637 74612 46965 76663 99705 85881 47481 41850 33659 35715 34181 36229 42373 19335 50057 1930 87947 62860 42385 30100 6037 50071 54680 64920 18329 23962 84378 53148 54173 79260 94622 80798 41377 81829 31141 48039 27047 78760 79784 74155 97710 37809 22964 4023 43449 48572 49597 12223 70593 78272 30146 67010 32197 95174 48071 11211 10701 32208 41424 83923 85461 51668 88535 82391 40920 63962 87005 7133 48607 3041 24033 62945 65507 6118 98279 68585 2026 53738 2027 54764 67571 57330 28146 6132 92150 28151 67577 30712 61946 47098 53243 77820 65021 72188 71678
583 160
26624 7937 81155 34562 70146 79874 94214 13066 89610 87306 17420 48140 1807 38927 44817 79125 37909 10262 23574 5145 19229 91936 68896 50467 77602 57635 63526 65062 55334 17447 86824 42282 1069 31789 17709 36400 90929 3379 74548 5942 30264 89402 31291 20028 23101 54590 81216 79178 44366 20817 98899 16212 2388 3157 68692 64601 31577 38236 65117 53597 71519 95841 30051 4453 76388 67177 92015 92527 80494 39794 98934 16760 12927 80769 78721 2177 70275 18562 31618 12163 31107 11911 10632 77704 97675 8845 99468 8847 39826 73367 77465 9112 16537 95128 75160 44954 87451 77979 79258 56478 11678 91038 78238 26529 75939 6567 43177 28844 36525 5037 62125 5041 80560 15794 96179 53170 58296 60602 48316 93116 63935 80062 65985 41665 26049 7875 10948 76743 45769 81869 45261 95436 56782 3791 68817 34000 9169 56017 66512 86995 93651 11219 90834 92628 21461 3799 31712 23520 77797 9966 59888 96752 50930 31987 66802 5108 2549 66295 74747 23548
434 312
73217 80389 34823 32778 36363 94730 36875 65036 30224 17424 69138 27667 60438 72215 28695 60952 82972 96287 93214 92193 42016 95269 59941 41509 550 552 67624 64553 72747 30764 26157 59437 87087 90671 75313 4659 81458 24633 72766 83009 14401 73286 61512 26699 3661 94287 17998 42063 12880 99924 84054 96345 92248 9818 61530 62042 33371 76381 54879 3168 79456 87651 14436 81509 94308 3687 49257 97898 76394 75372 35441 79474 93810 16503 67705 15993 53370 29307 23676 23168 35969 83076 67719 73352 7819 2188 21137 6803 3731 33939 70293 56980 68756 60565 69785 20635 15006 49313 29345 95907 30373 20134 71846 91817 81577 86697 21675 82090 77485 48301 38582 98998 60088 96955 7358 31934 38594 92866 6851 1225 9418 54991 13520 96466 11988 38616 81626 42206 83166 27361 64738 67810 45796 22756 57572 94948 30437 51431 50409 70891 70890 13036 56047 13555 7411 30964 78071 3321 57593 93946 89853 46844 252 20221 52993 54535 74507 19210 91403 3339 60684 41740 64269 21773 90380 85263 94991 94992 51988 3861 2325 17685 74521 4890 32540 42269 1821 16670 71459 49443 23843 43814 80166 29991 51496 29993 6441 16681 9513 62250 29484 37164 97068 60717 38702 39734 45369 9530 1851 48455 41287 73545 65864 21321 62794 68943 99150 20816 86353 58706 83284 15702 25944 9051 19804 79709 27999 50016 12129 34658 75619 1379 74085 57190 12648 85864 84843 88426 66925 24428 75628 9070 41327 18293 45942 25975 66939 92541 28030 45441 71552 88963 70021 45962 14221 21902 24467 30103 56729 13722 53659 78746 94620 8095 23967 80803 48548 76196 37286 63399 49576 44970 17325 98732 87982 9135 94638 38834 74675 44467 45491 39860 39863 99769 442 32186 92603 34237 19901 31166 87998 46529 95683 79810 49095 54217 99272 98257 83929 14299 59356 97758 87009 40416 39905 26593 88032 58856 26600 23530 80877 39404 22509 63982 84462 32239 23029 87540 15352 5115 5116 46078
888 150
27140 71172 96263 35334 12555 47627 48909 49165 99596 82447 6670 62991 13840 18448 40721 53009 78612 38429 30750 63007 42531 75300 57639 38956 49196 71728 79415 64057 24636 89404 17213 63550 42815 94785 74820 36934 29513 56394 99663 63823 50003 73554 93525 42836 77145 44377 39259 70746 73309 44895 22111 41057 14945 25186 70499 13667 23907 88421 37992 87404 85615 1903 29042 91506 69746 26227 63606 85113 28024 11384 59259 63102 66431 56446 43903 69502 77441 82817 16256 60544 9860 21132 86668 62352 58517 2198 36505 70555 31643 1950 42913 88739 87970 66469 43172 48037 78759 71335 8871 41895 71853 11181 84910 70062 92593 78514 10163 50867 12212 59830 4792 95417 95672 9402 76222 96193 77505 88512 49349 71367 6092 1741 40660 24533 9685 77783 71894 30679 88028 61405 3294 66782 49379 94181 93671 65766 28391 52713 2796 46060 95470 49135 27888 34801 70896 42993 45298 56821 84216 2301
467 144
38144 18949 76551 2310 80393 74506 58382 20494 30225 8471 6173 52510 543 62239 44321 13601 26404 10277 58661 80932 71462 12840 85288 80424 50730 7210 61995 93741 35886 97331 564 59957 76598 84792 10809 64572 51520 46400 13888 35136 40513 76355 59714 7491 77125 70726 31047 11082 51788 94028 47182 96846 76113 47441 48977 32338 61013 95830 73558 57177 50268 70751 86623 10848 98147 33891 68706 24676 11108 88170 24940 33652 55670 57462 72571 50043 93825 69763 42114 52361 29578 56714 44684 80016 46482 7571 24983 48792 40604 21148 32669 23457 73120 32162 95910 49319 37544 68523 64427 25772 74673 79280 32434 54197 36278 93110 6072 65465 47293 6846 49601 64449 29638 68551 7879 25034 76749 78540 24782 95183 49617 48850 87251 19924 94932 67799 3032 47067 40671 57570 87523 95717 89061 4325 43493 44268 81391 22254 27887 64752 3313 83957 62457 15611
205 141
54531 25603 66313 98824 45068 27150 37392 49689 25881 30235 5152 27680 37665 12323 44839 80684 43567 30000 87092 96566 96822 75062 14136 84539 4922 41019 68669 65853 18240 22592 26432 35137 3137 25155 67394 90949 69188 98628 27717 48454 18758 6727 79944 19530 46925 57679 71762 29525 66135 15450 73562 48476 17244 88415 67934 24416 82273 32870 10086 90470 51052 60526 80750 39535 29555 78965 69748 81526 96374 18040 25980 37244 81020 58238 66432 1922 99207 50311 10888 25994 25230 78478 30867 84373 6807 50583 37018 16027 92061 44446 90527 71328 59299 44202 683 13741 92844 2222 97713 6832 65972 16310 9143 26040 32443 71868 11199 62656 57024 54977 55747 27332 44999 27336 70349 37324 76748 39629 31696 3283 85204 88279 38102 87257 42970 89563 55773 89312 5858 91618 72166 88811 56299 91117 79605 49397 37366 77816 50170 16635 87038
555 139
18432 92161 29698 66050 6149 78855 17670 87305 28684 19727 75792 79890 75284 30491 61212 44317 65310 94750 81441 29984 50208 44065 292 18725 81449 96552 42802 89144 11069 10302 42305 1859 92999 48713 24905 65101 88143 8272 70480 51281 52563 96085 68180 38487 69211 54106 91229 83039 82529 16480 80737 15202 35176 78697 42857 21098 38506 56428 3182 75887 80751 95086 41329 1395 55925 21369 2425 98943 22406 21127 20104 94347 31114 38541 81036 13967 19343 1424 49808 12950 28567 58267 11675 72605 89247 60830 97951 85662 18595 11687 6316 84657 11952 58547 93620 85943 48567 5561 74683 19899 87741 19132 12734 10431 85953 27073 43458 45506 40648 85706 73164 62157 29647 96721 5585 77010 62932 69079 18650 13786 99038 93153 27872 18400 71394 25319 92137 8937 1774 42480 23796 39669 25336 94712 35065 22010 79610 48895 69374
182 262
76802 33796 96260 99846 47623 78856 61449 44553 31754 90122 81933 22541 59921 74771 86548 27158 31768 23577 82456 23579 40475 37416 43 69678 14385 3633 84019 26677 92214 75318 90681 99899 1594 74298 67645 31297 91719 38471 88137 22604 70733 18508 90188 79 15440 88657 80464 48721 82005 24664 76376 68702 43617 13925 5223 33896 69736 75368 13418 53868 23149 31341 32877 26733 78959 1646 90227 93814 62585 93820 8332 68749 92812 50834 19602 59545 30362 89758 94878 19104 72864 24740 76965 9895 65702 94889 8873 86699 53930 2220 42157 59565 48818 18611 67250 81076 57016 97467 34495 33983 24768 35521 43202 68290 22214 65737 68297 79562 64207 75472 77017 79064 40158 80094 43744 55017 5866 64234 71403 49387 13550 44783 60143 17136 38131 90869 3316 8438 67835 38650 9467 68860 94462 54016 96514 76037 39172 9478 13067 46859 70410 88332 55567 43791 99603 46866 20243 44824 87324 64285 6430 40222 59169 60706 22307 53540 62760 298 25900 31534 13102 51504 30002 60722 14135 29499 90944 91459 14146 56642 92485 86855 77639 86856 91979 26958 97614 85841 21329 17746 96092 54111 37727 13664 77154 13668 87397 24939 31596 21359 73582 96625 89462 53623 74105 58749 79742 65407 23424 43392 46467 47492 12165 36742 12166 63367 13704 73610 14734 26001 65939 28051 34709 23957 18840 44952 51610 8093 88480 29601 30114 14244 66470 64423 12201 25001 48554 80811 73642 49076 37305 29116 6077 31683 15299 37318 39885 26061 6098 91603 43478 97242 45019 83930 60389 2533 42982 83942 18920 35306 29674 46571 62955 24048 59377 13301 87545 63481 80890 74237 57853 86527
602 260
49152 90624 4098 12293 16390 56331 95251 85524 23062 61462 46620 43037 44062 79903 19999 9248 63011 98340 93225 99371 84010 69677 8237 30768 91696 77360 98352 42035 53812 70710 3130 8253 34878 79934 91207 68169 23113 49738 47178 93260 67152 48210 4179 14932 86615 90712 53853 14429 5727 13410 8292 58980 65637 70244 97897 85096 77416 28266 38507 29293 30318 76400 77427 59000 43645 90748 80005 41607 28297 93832 54410 41613 87183 51856 32916 87189 27285 36501 39574 18071 37015 88730 97434 20639 51871 94369 7842 41635 53923 75429 56487 27816 21673 59051 48813 17583 88753 52402 28339 74420 10423 2233 15550 64194 70857 77513 94920 17610 3788 75468 21197 84684 83151 27854 88273 26320 65747 47827 2260 66772 85206 24794 30426 94426 5342 73950 11490 9967 754 24819 6387 69364 21240 48377 48892 45824 77060 12549 75527 4872 38155 18701 43277 46863 42259 88856 63771 39709 75555 84258 73508 28966 77609 26929 88371 27957 59706 80698 14143 42303 83262 71998 90433 43331 36168 20301 64336 18259 43859 61781 57686 79191 44376 33625 78680 62810 88926 71518 19808 33121 33634 81764 61810 94066 82293 23413 23417 96635 20347 39292 64892 60800 59266 62851 15749 10120 83339 42378 96138 28556 88461 3470 10126 30097 84370 73109 41369 22939 37281 35234 13735 55724 93101 54700 37805 89008 25010 50611 27573 52666 6074 56764 445 43972 26052 50120 55241 457 18890 51658 1482 96204 61389 13262 11215 79826 22996 43991 79835 92634 58333 94172 1504 94695 5609 39402 17387 7661 85484 64494 34288 15858 36854 63478 13815 73206 10745 98299 33788 96765
955 124
6145 17154 74244 62213 8710 23815 53001 67080 74251 49418 15115 47628 33805 33549 85260 87822 34831 84496 6931 3867 45343 84261 99878 97325 74541 45876 11319 68921 81208 33338 16957 98366 47427 43075 36675 77893 37701 70214 7498 22605 24655 57681 64084 36696 53080 91992 19801 50266 31066 29788 40798 29534 18528 16737 29799 83558 72298 16495 86386 37492 96373 34933 53622 50808 93819 34941 51582 79998 16770 12932 26757 99206 1927 62088 17290 87691 58254 82319 93070 43410 62868 920 49561 80795 37023 48036 29866 61872 45236 6326 68535 40121 13753 65724 22464 19650 56514 96197 65989 40134 68039 94665 17865 19401 19917 56016 74194 60628 43733 10968 41176 43746 58850 14309 81127 8427 7404 92141 73456 25329 25844 26101 56058 13307
277 114
89860 85770 20754 59667 532 94999 91163 12829 97311 87584 45603 47910 45866 42794 84522 53803 58155 49708 26668 9006 57902 33839 15664 4916 92981 51766 77367 91453 68928 38729 78668 14158 67923 83026 26708 20565 67927 82521 9305 80219 9052 12382 12128 68961 27234 87652 43365 91495 60263 58727 51049 42345 18028 84588 21871 10357 60283 80762 62333 78723 26242 58755 8840 60041 21129 11917 80014 27026 97429 48789 71323 47771 34459 19100 82593 74144 85411 81570 22947 97701 95140 98212 85931 73389 31404 95150 30386 58290 92338 30135 6590 51138 36807 99787 87244 8655 71376 24020 49626 23005 87007 73182 41440 71147 47339 53486 20720 15093 57079 70907 60922 57082 69116 72959
696 214
17923 33801 51723 52238 31765 9752 84505 14361 84504 29212 55327 12319 32800 30240 95776 87591 72230 57895 72232 47661 20017 35889 25651 52276 68663 39478 97851 36925 85057 65604 75844 24135 50247 90185 37451 76879 23633 18003 99410 87124 48725 54871 66142 72291 93801 46697 97901 23152 27248 8304 53875 95346 61557 93812 86647 44663 47226 14977 130 4227 70789 91269 48262 90247 92302 5781 59029 85663 51874 85668 22182 14512 13493 90294 97976 60091 26301 77502 89278 94410 66259 32978 23769 72411 68829 41180 32992 56034 57063 19176 82665 53489 67829 6900 71412 87799 6904 28920 28921 36602 39164 8957 45311 20736 59140 47877 44806 45831 97033 88331 83722 52494 41742 60690 19734 26904 3868 89887 52003 77094 48424 80170 50987 66348 17712 1843 29496 83258 84282 7999 27456 62275 27465 9040 27985 76112 84819 43861 13654 64343 84313 93019 72030 53094 77672 39791 47985 56178 77170 38260 71034 29563 34176 74119 34183 16776 26504 84875 25483 69516 98190 32655 94606 7568 8592 9617 70549 29084 76193 16290 43938 46499 80804 79273 72106 91050 26542 57776 52658 39348 45495 44986 80314 19900 64448 1473 80323 38339 17861 56261 30666 58318 59856 66513 11730 68565 96219 43996 32737 19937 50665 50668 28141 49134 38894 20975 71150 90101 69111 49655 10232 4093 90620 2047
269 202
92675 59909 89094 73734 9225 80904 22030 71187 97813 69141 53272 6685 81436 60447 6180 79400 61999 40496 44080 39473 56370 30260 21557 23094 90169 20024 94777 12345 79928 63033 78399 94270 49216 53314 17990 54348 57932 64076 25678 77393 40543 3680 27748 24681 45174 43642 23163 17533 8841 29326 67733 85142 54431 2720 44707 66219 32940 86188 75951 81589 694 27830 8891 9404 70335 36542 9408 35016 36553 80591 16079 78032 38098 61651 21720 57564 75997 74463 77537 59622 24297 68846 755 16628 72952 67837 72965 34565 45320 40200 40713 78603 80651 49422 84751 2319 37137 87316 88852 16667 33566 12575 85283 75559 66345 61226 58666 66863 28979 46391 31033 18748 32574 93506 41796 23365 29000 8009 45388 69964 88399 62798 88401 59732 94549 32089 31069 23902 96097 58210 94051 2915 7525 13160 94570 74605 31085 13678 45425 41333 92022 37241 13178 58748 16769 5506 89986 77705 28554 2956 9613 43919 43921 70032 76693 20885 21916 60317 95652 78761 43434 33194 26545 78256 14259 32694 67517 20925 78271 51647 75712 84420 75716 72134 83915 97743 68562 89559 28119 52696 69080 98776 50138 99290 89562 27102 21982 87525 38372 42472 26088 30186 19946 14317 71671 21496 21502 20990 52734 94206 69630 39935
28 184
36099 50693 20486 11271 50957 94988 48655 38928 58897 48660 61206 79126 40733 54052 75813 54053 13093 39462 92459 50221 2351 57648 24881 60210 40754 30515 23348 34102 34358 7734 32568 23864 46392 68409 9017 89912 60730 40763 16447 72510 46399 21568 65 67651 92226 64071 83270 69448 26956 3148 50253 2639 65360 50769 83027 7252 8276 43862 47959 61784 5464 25945 58715 24411 45152 26976 6242 20067 91492 92264 11371 41067 14444 83311 17265 71539 74866 70002 34931 23923 14453 33401 2683 57724 32894 41598 32127 72577 85889 50307 52613 86920 47498 12172 4492 97677 12942 81040 13201 82835 26517 4757 29589 33174 88215 39064 52890 75419 64667 50588 670 20894 93599 2974 6304 82336 90531 65445 98724 92839 44455 46505 97963 58542 3247 17584 99507 44211 81330 9141 86964 31672 92089 953 15545 64697 22970 86971 17594 76986 956 96444 98751 63678 92609 29888 36801 92099 53700 42693 72902 45771 69324 29901 36814 10958 36559 91859 11476 8660 91867 62938 72410 63708 5859 23012 8932 87780 31720 54249 79080 33259 25581 97521 14071 71675 46587 18683 35580 2300 21500 65789 63485 66046
220 178
93187 74755 12547 16647 73993 73737 31240 24842 83211 94732 37902 27411 66580 21782 26647 70166 72729 53528 31769 53273 72731 86045 2334 8990 24607 99106 20515 21029 9765 68139 12330 42283 83498 811 6700 50732 11057 4148 65589 29493 43574 27703 51256 88888 48442 90171 11324 53053 86332 76860 14399 96321 79170 54596 27976 40011 85327 4176 91729 12115 11603 60758 343 97878 65627 55899 20829 99164 37726 97123 89955 99 2405 30822 2919 73062 64872 7790 80495 99184 99451 21116 11388 58493 26751 71294 57216 36737 80002 28292 28037 27525 37260 49549 64143 22672 88211 34452 16535 1431 54684 65180 48029 72348 21664 2210 34466 13475 94370 19364 32167 71081 77481 58792 64424 43945 3497 87211 50090 84396 79024 70832 44212 36533 41910 63417 44729 91834 13500 18622 27582 80832 89536 27074 18116 42949 27077 20936 31944 58824 37833 24777 42196 93652 95702 30680 6618 31196 20960 83168 25058 3811 31460 2789 77287 98793 58858 4842 83690 21996 80621 15599 63215 18160 31217 72435 85747 92914 72946 92149 54005 47351 26871 80378 70141 40447 35327 26111
209 88
15873 19074 94339 60805 34567 43021 71694 76048 5394 47507 18579 50963 45077 39957 86039 92953 29464 45721 53786 63515 52507 51869 45216 93733 95909 73124 4391 74921 9384 88360 15403 95405 77998 71473 67641 8248 76856 45370 75323 82748 99004 1982 65089 36162 28228 16582 39495 27975 72777 35017 90316 37070 40398 92751 63183 56274 97234 70228 23766 37080 56664 69464 57945 86616 79580 60765 6493 85343 73055 34146 39268 76136 88808 42730 7917 69999 31727 55663 13168 2033 85490 78706 84594 2422 99961 40571 88442 79487
131 82
23171 28041 48396 61200 57616 30227 69140 69396 11673 2714 17819 21659 56991 40991 92449 29089 10914 84775 37031 81702 10793 98347 83754 14636 40236 21420 47540 87860 82999 35126 90552 65592 5177 51387 6341 64710 12999 61128 90059 36170 60111 10063 8784 21200 89808 2257 13138 84434 25939 58707 39123 93908 98519 87769 43225 41945 19035 10715 42844 42589 67292 99422 18402 44131 27753 92781 97132 48366 75247 34416 10225 30322 55794 85875 17524 17269 68343 19447 74486 54393 82683 85755
339 78
39425 38018 69123 65410 99589 20228 56070 46985 31498 16906 90764 69900 97809 64657 18706 26770 12308 17051 80285 6556 72093 11172 76712 11434 94891 82733 25005 40878 44847 91955 40242 47538 29363 97717 22452 45621 18614 66102 80315 70459 35515 95677 94015 52926 57920 65090 73030 97734 42697 10571 16460 87887 72782 93518 42706 85842 81369 36312 11226 20701 6498 30692 33764 92646 33258 70378 56685 63342 79982 31600 88817 41202 26611 17908 13049 72058 97530 60030
700 152
80385 68355 25093 18439 75531 73229 78354 58133 87319 52762 83485 54044 22813 87582 99105 70945 82467 10787 78628 79396 16422 55850 93226 71213 12590 49200 21810 67378 86325 42293 41526 60472 30520 87354 35648 35392 32834 80962 31811 10821 67661 69196 5453 38478 97875 53586 78423 56406 30551 8283 74842 28254 57442 18023 96361 71530 86381 83564 51311 96110 68467 84597 86901 83316 98164 66678 1399 1403 68479 59776 98944 97920 37253 82055 6279 79496 73101 97932 21133 50063 87182 43409 92053 88468 64661 36506 61852 24477 84636 16286 40350 77470 31136 41122 20899 77991 35499 946 36532 34997 4790 58298 81082 71100 24509 58046 36798 58303 87490 58566 90055 96201 81352 93131 56522 89291 460 30157 32719 97746 3796 6100 81364 27095 69593 19424 28385 86754 69095 70119 24807 9447 62186 49386 35307 93418 75245 2028 84205 10477 97518 4849 79347 93939 35826 84725 23542 92406 96246 18169 3836 24830
8 68
26497 55297 52227 26499 10885 24328 19465 31115 76554 78220 83340 9358 68750 42769 29457 32146 15766 98198 80408 73624 82842 62365 94495 14503 36263 59433 91434 54447 84529 39985 37171 79418 95679 46785 68293 9157 41030 24654 95311 98639 96462 78801 16081 80723 39637 60885 73556 49622 64473 81498 97756 62813 17757 7774 63072 65890 3046 49127 86758 86507 3693 49133 71153 72437 28406 80118 45945 1787
956 61
64515 78082 82182 80009 47881 62859 40718 62225 13329 9361 70164 49173 74395 9626 49690 93085 94749 25886 48933 87849 5674 36907 3500 3116 32945 63289 84152 70843 50619 16572 46783 69697 74817 48577 3521 68163 25668 58693 88647 25288 11337 23369 12490 28875 64077 17487 77011 62676 24021 47195 58719 76904 5739 36846 496 95217 98295 97145 11897 35066 64252
325 114
59648 24585 56841 81419 47883 77578 73994 4112 273 89362 6419 34836 21529 16665 17689 61722 55834 19491 61224 76840 98856 47401 58667 71215 90926 52274 60213 16187 38720 87873 75075 12099 37956 58949 65100 27725 23887 44119 18013 58207 26207 8287 71009 64096 39013 40807 95590 89704 39019 85357 51309 11887 35439 23666 24690 38775 15738 98173 51581 25733 60551 56977 25237 53399 16029 15005 2463 96165 67236 54439 40617 95917 12973 93871 20143 19379 60342 60605 56509 38848 82885 28613 92100 22981 74183 91590 20680 54730 48331 5837 42961 63955 40405 12761 987 63197 51167 52195 41957 50149 18150 46823 19435 3053 3567 41200 7921 2291 73718 89340 42494 82943 63743 55807
3 51
11266 16003 71812 84615 57479 49288 83466 42128 39828 93333 57108 36759 97814 63000 54174 50847 56357 10918 29482 58029 27695 21553 80309 31286 54841 66113 91331 81346 75469 67278 68437 39257 14297 83803 46044 89820 59357 89308 37342 59104 52580 48486 95207 18151 30058 3441 58353 99447 82935 42871 65786
189 92
96001 13057 30595 83461 62469 35206 18182 10246 90374 2824 59658 78346 5259 34318 75024 12689 33554 89364 72727 77206 90009 71832 54809 36889 37914 38811 43548 10140 70685 53278 40862 62367 43681 78370 74018 9891 41379 96932 23590 44072 26281 10026 22316 22957 94767 86319 34482 78901 63931 14012 14781 829 88640 60481 89794 21444 21188 12998 82249 91467 48970 32846 65232 92883 24274 33363 23896 90329 40921 26329 4954 45275 50909 37223 26599 74854 7530 44395 84077 34797 10862 32495 27506 52724 59254 87288 22267 79994 52219 82428 70524 41343
99 40
6464 78148 68420 85833 80328 24138 17419 45134 99854 26703 27344 65616 61654 33111 5655 63256 86168 99864 38493 11039 53727 31520 22816 98784 90281 63529 52715 9003 60332 99244 48688 52401 94325 60788 15734 377 94458 32252 92540 43262
598 68
53893 32390 87174 1545 61067 35981 90255 23695 63122 36754 95381 11412 23446 86171 29857 42659 2471 38952 51242 64811 59564 88749 98734 47794 99637 70580 67255 96182 2616 60731 47291 20669 96060 99516 91327 76482 40004 60358 40135 45258 54094 22610 79187 73299 14674 17107 65239 92505 74200 32475 78687 44003 74466 8676 66789 32741 86377 99690 43115 70380 6765 53487 10484 22645 29943 30711 41720 63995
373 31
85504 94661 26054 58891 18956 81102 66065 12177 72914 92757 74329 36955 65371 48348 48860 30502 33190 6887 42793 95528 69355 9005 91631 48238 32368 99636 75833 43192 51705 63613 25789
77 25
44768 51265 19105 72800 54691 46115 92322 63684 13317 6219 98156 15085 30094 77585 65553 75251 65366 63062 85719 65368 46747 26683 76223 60095 73758
938 19
93697 14593 99874 35364 68996 77830 89995 23309 48271 14383 78384 69300 6197 42645 45622 98363 33819 4891 77309
705 20
58208 67392 39683 43076 73672 86603 41612 44333 73388 74639 689 61786 20442 83805 76892 44350 15966 45118 25246 82526
210 7
59762 28809 44394 41228 98700 80799 90206
858 1
88670
